Name         Age Nat St Tk Ps Sh Ag KAb TAb PAb SAb Gam Sub  Min Mom Sav Con Ktk Kps Sht Gls Ass  DP Inj Sus Fit
----------------------------------------------------------------------------------------------------------------
Alain_Taho    19 alb  9  1  1  1 22 247 763 942 401   0   0    0   0   0   0   0   0   0   0   0   0   0   0 100
T_Della_Mora  19 ita  1  9  4  3 16 450 619 573 301   0   0    0   0   0   0   0   0   0   0   0   0   0   0 100
L_Jakirovic   18 cro  1  9  4  1 38 698 428 267 644   0   0    0   0   0   0   0   0   0   0   0   0   0   0 100
L_Bovio       18 ita  1  9  4  1 36 905 518 642 992   0   0    0   0   0   0   0   0   0   0   0   0   0   0 100
M_Venturini   19 ita  1  4 10  4 25 508 745 446 425   0   0    0   0   0   0   0   0   0   0   0   0   0   0 100
P_La_Torre    18 ita  1  4 10  2 36 573 558 373 181   0   0    0   0   0   0   0   0   0   0   0   0   0   0 100
M_Mosconi     19 ita  1  3  4 10 32 952 968 800 516   0   0    0   0   0   0   0   0   0   0   0   0   0   0 100
M_Pinotti     19 ita  1  1  4  9 20 661 672 212 806   0   0    0   0   0   0   0   0   0   0   0   0   0   0 100
